cellIndices 136
9 20 39 30
7 8 1 27
8 7 18 27
17 31 12 11
17 11 12 2
23 6 26 5
28 8 18 27
1 8 18 10
1 0 10 21
19 10 18 8
1 7 18 8
1 11 18 7
18 7 38 27
8 9 0 28
20 0 30 9
18 11 17 7
10 21 31 11
0 9 20 28
28 9 20 29
1 8 21 27
8 28 21 27
0 8 21 1
28 8 21 0
28 0 21 20
10 30 31 21
21 0 30 20
8 0 10 1
9 30 39 19
1 21 10 11
28 9 39 19
31 11 22 2
19 8 18 28
11 1 18 10
4 33 23 13
5 3 16 13
30 21 10 0
9 28 39 29
14 13 4 15
20 9 39 29
23 2 3 12
11 1 2 7
35 14 25 15
4 13 5 15
15 36 16 5
9 8 19 28
0 30 19 10
30 0 19 9
36 35 25 15
31 12 22 32
10 8 19 0
0 8 19 9
11 31 12 2
32 12 16 37
39 30 38 19
23 32 3 13
36 13 32 33
27 28 38 18
31 10 38 30
19 30 38 10
21 1 22 11
26 6 16 5
17 37 12 31
26 5 16 36
12 31 22 2
26 36 16 37
33 14 4 24
18 19 38 10
10 11 38 18
11 10 38 31
15 4 25 5
4 24 25 23
19 28 38 39
28 19 38 18
37 6 16 26
5 4 25 23
6 17 16 12
23 12 3 32
7 11 17 2
12 32 16 13
38 18 17 7
27 37 17 38
38 7 17 27
38 11 17 18
31 11 17 38
38 37 17 31
2 7 6 17
22 2 26 23
5 13 16 15
14 34 24 33
5 23 25 26
12 37 32 31
3 4 5 23
14 35 25 24
32 13 23 33
7 2 26 22
22 12 23 32
33 13 4 14
2 1 22 7
34 35 33 14
14 35 33 15
35 36 33 15
13 15 33 36
13 14 33 15
2 11 22 1
31 21 22 11
6 2 26 7
35 34 24 14
6 23 26 2
3 23 6 2
2 12 23 22
27 1 22 21
27 7 22 1
12 17 16 37
15 13 16 36
32 12 3 13
24 33 23 4
3 12 16 13
12 3 16 6
13 4 3 23
3 13 5 4
15 14 25 4
6 3 5 23
3 2 6 12
2 17 6 12
4 14 25 24
36 15 25 5
5 6 16 3
37 36 16 32
5 26 25 36
32 36 16 13
22 27 26 7
6 7 26 17
17 7 26 27
6 17 26 37
17 27 26 37
17 6 16 37
vertexPositions 40
-0.25 -0.25 0.25
-0.125 -0.25 0.25
0 -0.25 0.25
0.125 -0.25 0.25
0.25 -0.25 0.25
0.25 -0.25 -0.25
0.125 -0.25 -0.25
0 -0.25 -0.25
-0.125 -0.25 -0.25
-0.25 -0.25 -0.25
-0.25 0.25 0.25
-0.125 0.25 0.25
0 0.25 0.25
0.125 0.25 0.25
0.25 0.25 0.25
0.25 0.25 -0.25
0.125 0.25 -0.25
0 0.25 -0.25
-0.125 0.25 -0.25
-0.25 0.25 -0.25
-0.3125 -0.3125 0.3125
-0.125 -0.3125 0.3125
0 -0.3125 0.3125
0.125 -0.3125 0.3125
0.3125 -0.3125 0.3125
0.3125 -0.3125 -0.3125
0.125 -0.3125 -0.3125
0 -0.3125 -0.3125
-0.125 -0.3125 -0.3125
-0.3125 -0.3125 -0.3125
-0.3125 0.3125 0.3125
-0.125 0.3125 0.3125
0 0.3125 0.3125
0.125 0.3125 0.3125
0.3125 0.3125 0.3125
0.3125 0.3125 -0.3125
0.125 0.3125 -0.3125
0 0.3125 -0.3125
-0.125 0.3125 -0.3125
-0.3125 0.3125 -0.3125
vertexColors 40
0.5 0.5 0.5 0.015625
0.5 0.5 0.5 0.015625
1 0 0 0.03125
0.5 0.5 0.5 0.015625
0.5 0.5 0.5 0.015625
0.5 0.5 0.5 0.015625
0.5 0.5 0.5 0.015625
1 0 0 0.03125
0.5 0.5 0.5 0.015625
0.5 0.5 0.5 0.015625
0.5 0.5 0.5 0.015625
0.5 0.5 0.5 0.015625
1 0 0 0.03125
0.5 0.5 0.5 0.015625
0.5 0.5 0.5 0.015625
0.5 0.5 0.5 0.015625
0.5 0.5 0.5 0.015625
1 0 0 0.03125
0.5 0.5 0.5 0.015625
0.5 0.5 0.5 0.015625
0.5 0.5 0.5 0
0.5 0.5 0.5 0
0.5 0.5 0.5 0
0.5 0.5 0.5 0
0.5 0.5 0.5 0
0.5 0.5 0.5 0
0.5 0.5 0.5 0
0.5 0.5 0.5 0
0.5 0.5 0.5 0
0.5 0.5 0.5 0
0.5 0.5 0.5 0
0.5 0.5 0.5 0
0.5 0.5 0.5 0
0.5 0.5 0.5 0
0.5 0.5 0.5 0
0.5 0.5 0.5 0
0.5 0.5 0.5 0
0.5 0.5 0.5 0
0.5 0.5 0.5 0
0.5 0.5 0.5 0
