cellIndices 24
10 8 19 0
0 8 19 9
4 13 5 15
1 8 10 0
2 7 6 17
18 11 7 1
18 1 7 8
11 2 7 1
10 1 18 8
10 11 18 1
19 10 18 8
7 18 17 11
7 11 17 2
13 12 3 16
13 4 5 3
17 11 12 2
16 15 5 13
16 3 5 6
2 12 6 3
14 13 4 15
16 13 5 3
2 17 6 12
3 12 6 16
17 16 6 12
vertexPositions 20
-0.25 -0.25 0.25
-0.125 -0.25 0.25
0 -0.25 0.25
0.125 -0.25 0.25
0.25 -0.25 0.25
0.25 -0.25 -0.25
0.125 -0.25 -0.25
0 -0.25 -0.25
-0.125 -0.25 -0.25
-0.25 -0.25 -0.25
-0.25 0.25 0.25
-0.125 0.25 0.25
0 0.25 0.25
0.125 0.25 0.25
0.25 0.25 0.25
0.25 0.25 -0.25
0.125 0.25 -0.25
0 0.25 -0.25
-0.125 0.25 -0.25
-0.25 0.25 -0.25
vertexColors 20
0.5 0.5 0.5 0.015625
0.5 0.5 0.5 0.015625
1 0 0 0.03125
0.5 0.5 0.5 0.015625
0.5 0.5 0.5 0.015625
0.5 0.5 0.5 0.015625
0.5 0.5 0.5 0.015625
1 0 0 0.03125
0.5 0.5 0.5 0.015625
0.5 0.5 0.5 0.015625
0.5 0.5 0.5 0.015625
0.5 0.5 0.5 0.015625
1 0 0 0.03125
0.5 0.5 0.5 0.015625
0.5 0.5 0.5 0.015625
0.5 0.5 0.5 0.015625
0.5 0.5 0.5 0.015625
1 0 0 0.03125
0.5 0.5 0.5 0.015625
0.5 0.5 0.5 0.015625
