cellIndices 20
12 0 8 4
12 1 6 8
12 1 0 9
12 1 8 0
12 5 4 2
12 5 9 0
12 5 0 4
12 10 8 6
12 10 4 8
12 10 2 4
12 10 3 2
12 10 6 3
12 7 3 6
12 7 6 1
12 7 1 9
12 11 9 5
12 11 2 3
12 11 5 2
12 11 3 7
12 11 7 9
vertexPositions 13
0.0 -0.125 -0.20225424859373686
0.0 0.125 -0.20225424859373686
0.0 -0.125 0.20225424859373686
0.0 0.125 0.20225424859373686
-0.125 -0.20225424859373686 0.0
0.125 -0.20225424859373686 0.0
-0.125 0.20225424859373686 0.0
0.125 0.20225424859373686 0.0
-0.20225424859373686 0.0 -0.125
0.20225424859373686 0.0 -0.125
-0.20225424859373686 0.0 0.125
0.20225424859373686 0.0 0.125
0 0 0
vertexColors 13
0.5 0.5 0.5 0.015625
0.5 0.5 0.5 0.015625
0.5 0.5 0.5 0.015625
0.5 0.5 0.5 0.015625
0.5 0.5 0.5 0.015625
0.5 0.5 0.5 0.015625
0.5 0.5 0.5 0.015625
0.5 0.5 0.5 0.015625
0.5 0.5 0.5 0.015625
0.5 0.5 0.5 0.015625
0.5 0.5 0.5 0.015625
0.5 0.5 0.5 0.015625
1.0 0.0 0.0 0.5
