cellIndices 80
42 0 12 14
42 4 13 12
42 1 14 13
42 12 13 14
42 0 15 12
42 9 16 15
42 4 12 16
42 15 16 12
42 9 17 16
42 5 18 17
42 4 16 18
42 17 18 16
42 4 18 20
42 5 19 18
42 8 20 19
42 18 19 20
42 4 20 13
42 8 21 20
42 1 13 21
42 20 21 13
42 8 22 21
42 10 23 22
42 1 21 23
42 22 23 21
42 8 24 22
42 3 25 24
42 10 22 25
42 24 25 22
42 5 26 19
42 3 24 26
42 8 19 24
42 26 24 19
42 5 27 26
42 2 28 27
42 3 26 28
42 27 28 26
42 2 29 28
42 7 30 29
42 3 28 30
42 29 30 28
42 7 31 30
42 10 25 31
42 3 30 25
42 31 25 30
42 7 32 31
42 6 33 32
42 10 31 33
42 32 33 31
42 7 34 32
42 11 35 34
42 6 32 35
42 34 35 32
42 11 36 35
42 0 37 36
42 6 35 37
42 36 37 35
42 0 14 37
42 1 38 14
42 6 37 38
42 14 38 37
42 6 38 33
42 1 23 38
42 10 33 23
42 38 23 33
42 9 15 39
42 0 36 15
42 11 39 36
42 15 36 39
42 9 39 41
42 11 40 39
42 2 41 40
42 39 40 41
42 9 41 17
42 2 27 41
42 5 17 27
42 41 27 17
42 7 29 34
42 2 40 29
42 11 34 40
42 29 40 34
vertexPositions 43
-0.131433 0 0.212663
0.131433 0 0.212663
-0.131433 0 -0.212663
0.131433 0 -0.212663
0 0.212663 0.131433
0 0.212663 -0.131433
0 -0.212663 0.131433
0 -0.212663 -0.131433
0.212663 0.131433 0
-0.212663 0.131433 0
0.212663 -0.131433 0
-0.212663 -0.131433 0
-0.0772542 0.125 0.202254
0.0772542 0.125 0.202254
0 0 0.25
-0.202254 0.0772542 0.125
-0.125 0.202254 0.0772542
-0.125 0.202254 -0.0772542
0 0.25 0
0.125 0.202254 -0.0772542
0.125 0.202254 0.0772542
0.202254 0.0772542 0.125
0.25 0 0
0.202254 -0.0772542 0.125
0.202254 0.0772542 -0.125
0.202254 -0.0772542 -0.125
0.0772542 0.125 -0.202254
-0.0772542 0.125 -0.202254
0 0 -0.25
-0.0772542 -0.125 -0.202254
0.0772542 -0.125 -0.202254
0.125 -0.202254 -0.0772542
0 -0.25 0
0.125 -0.202254 0.0772542
-0.125 -0.202254 -0.0772542
-0.125 -0.202254 0.0772542
-0.202254 -0.0772542 0.125
-0.0772542 -0.125 0.202254
0.0772542 -0.125 0.202254
-0.25 0 0
-0.202254 -0.0772542 -0.125
-0.202254 0.0772542 -0.125
0 0 0
vertexColors 43
0.5 0.5 0.5 0.00390625
0.5 0.5 0.5 0.00390625
0.5 0.5 0.5 0.00390625
0.5 0.5 0.5 0.00390625
0.5 0.5 0.5 0.00390625
0.5 0.5 0.5 0.00390625
0.5 0.5 0.5 0.00390625
0.5 0.5 0.5 0.00390625
0.5 0.5 0.5 0.00390625
0.5 0.5 0.5 0.00390625
0.5 0.5 0.5 0.00390625
0.5 0.5 0.5 0.00390625
0.5 0.5 0.5 0.00390625
0.5 0.5 0.5 0.00390625
0.5 0.5 0.5 0.00390625
0.5 0.5 0.5 0.00390625
0.5 0.5 0.5 0.00390625
0.5 0.5 0.5 0.00390625
0.5 0.5 0.5 0.00390625
0.5 0.5 0.5 0.00390625
0.5 0.5 0.5 0.00390625
0.5 0.5 0.5 0.00390625
0.5 0.5 0.5 0.00390625
0.5 0.5 0.5 0.00390625
0.5 0.5 0.5 0.00390625
0.5 0.5 0.5 0.00390625
0.5 0.5 0.5 0.00390625
0.5 0.5 0.5 0.00390625
0.5 0.5 0.5 0.00390625
0.5 0.5 0.5 0.00390625
0.5 0.5 0.5 0.00390625
0.5 0.5 0.5 0.00390625
0.5 0.5 0.5 0.00390625
0.5 0.5 0.5 0.00390625
0.5 0.5 0.5 0.00390625
0.5 0.5 0.5 0.00390625
0.5 0.5 0.5 0.00390625
0.5 0.5 0.5 0.00390625
0.5 0.5 0.5 0.00390625
0.5 0.5 0.5 0.00390625
0.5 0.5 0.5 0.00390625
0.5 0.5 0.5 0.00390625
1 0 0 0.125
